3.422765359 11.06564864
41.21014010 50.53669051
31.12013643 10.87931384
10.47022164 40.78063223
3.422765359 18.27763914
24.90599613 20.89645543
44.71155024 56.2391361
7.279655446 38.95123268
1.268972331 29.16963437
22.75573884 59.89904718
16.66330101 48.23910801
23.86721687 47.83215939
41.40443193 3.913795085
10.51335564 27.47959579
25.89611551 31.13698431
8.658948444 71.61876442
13.93658548 14.76385828
20.42423875 42.90034792
19.28554575 38.22288354
39.62723882 27.04364643
31.43089445 54.94013498
21.17505642 35.14545705
26.47535961 13.99379687
32.76261108 38.03423898
13.26938796 57.24012196
29.60268141 67.30223077
24.75632192 68.60137624
11.25239131 33.96955284
37.56280143 78.83206935
5.488441821 6.623689245
31.00301004 53.78789623
29.45506164 20.17172267
1.032289258 54.16812074
42.02798223 71.00623983
37.25673368 23.66565748
34.51404998 6.32538437
32.60445819 50.34213858
47.96138464 5.614090027
47.83171384 73.94215913
41.50979523 42.64497578
7.766628308 54.22801889
34.34359227 50.60970541
43.41543478 7.231004185
8.768041008 51.79331796
34.03941897 41.75786867
34.07538041 32.21324191
26.18083436 42.92595214
42.50900667 37.32318197
7.370069526 46.41785257
1.345266195 64.52855476
